5 

Ar 0.7949180581665484 -4.6421578890873105 -2.891605938736821
Ar 8.35438248816106 -0.17979156377206593 1.0128625115127396
Ar 0.8596616311560067 -8.699543188424647 -4.039789015026659
Ar 4.24014999353137 3.7899354638034994 6.300207458737063
Ar 13.639725475341404 -8.737479366878258 6.864072029683726
5 

Ar 24.061222386195237 -9.922845908038553 -15.815100254560061 -15.177686112892165
0 n_hat= 0 velocity= [-107.17763966 -111.72942365 -122.86080174]
Ar 9.731708493119037 3.7425215471211146 -3.5801466707041074 -8.23906745212258
1 n_hat= 0 velocity= [-46.11860941 -34.00355107 -92.51929964]
Ar 13.725002111093506 -1.861472236109453 -12.898237657962309 -4.306514760503889
2 n_hat= 0 velocity= [-27.21133867 -41.9869447   -2.66725745]
Ar 8.485576650418716 4.238957445747244 3.7903553168856856 6.298369426687493
3 n_hat= 0 velocity= [-0.01192548  0.00419853 -0.01838032]
Ar 17.591995107537294 13.638492334952671 -8.737303215606888 6.865082025118047
4 n_hat= 0 velocity= [-0.0123314   0.00176151  0.01009995]
5 

Ar 43.68801868757924 -20.643496301193714 -26.987135018278646 -27.46240304150517
0 n_hat= 0 velocity= [-107.20650393 -111.72034764 -122.84716929]
Ar 22.02765756308817 -0.970350857712492 -7.010426010180154 -20.85977094997454
1 n_hat= 0 velocity= [ -47.12872405  -34.30279339 -126.20703498]
Ar 18.285819001033754 -4.582865399598797 -17.101197136581682 -4.573573850228909
2 n_hat= 0 velocity= [-27.21393163 -42.02959479  -2.6705909 ]
Ar 8.481873022844741 4.236098132952123 3.7889632879542163 6.29614165868241
3 n_hat= 0 velocity= [-0.02859313 -0.01392029 -0.02227768]
Ar 17.59147722612746 13.63777321136252 -8.737713343962323 6.8646615613259945
4 n_hat= 0 velocity= [-0.00719124 -0.00410128 -0.00420464]
5 

Ar 45.0 -21.2634347233015 -27.797577283306882 -28.287117932841394
0 n_hat= 0 velocity= [ 78.86584513 131.52950027 124.67956332]
Ar 35.52883890235078 -5.683251364902599 -10.442583938917496 -33.48061361969325
1 n_hat= 0 velocity= [ -47.12900507  -34.32157929 -126.2084267 ]
Ar 23.03506118509805 -7.303083246456314 -21.30334212196272 -4.84217237726507
2 n_hat= 0 velocity= [-27.20217847 -42.02144985  -2.68598527]
Ar 8.476288364886514 4.232172315074724 3.7858819095548406 6.2931137052440835
3 n_hat= 0 velocity= [-0.03925818 -0.03081378 -0.03027953]
Ar 17.59216945227882 13.638073147774861 -8.739342825363982 6.863765281126201
4 n_hat= 0 velocity= [ 0.00299936 -0.01629481 -0.0089628 ]
5 

Ar 25.370686964573324 -13.376547057530068 -14.646230759343064 -15.818586233166592
0 n_hat= 0 velocity= [ 78.86887666 131.51346524 124.685317  ]
Ar 45.0 -7.198273833927498 -13.22633364244828 -42.40576555364183
1 n_hat= 0 velocity= [ -3.4572837   45.95253583 131.17378753]
Ar 27.87701666434215 -10.026481217183592 -25.50455106168092 -5.110343202524191
2 n_hat= 0 velocity= [-27.23397971 -42.0120894   -2.68170825]
Ar 8.470234057020807 4.228458723114156 3.7836983983232138 6.288770009959126
3 n_hat= 0 velocity= [-0.03713592 -0.02183511 -0.04343695]
Ar 17.590253693229517 13.636295332191013 -8.7410882891322 6.860164001467902
4 n_hat= 0 velocity= [-0.01777816 -0.01745464 -0.0360128 ]
5 

Ar 6.604100249986713 -5.4904879576898376 -1.4943739797709643 -3.351943989227882
0 n_hat= 0 velocity= [ 78.860591   131.5185678  124.66642244]
Ar 31.451033643142257 -7.54358253727071 -8.630654568315398 -29.28777358297942
1 n_hat= 0 velocity= [ -3.45308703  45.95679074 131.17991971]
Ar 32.77303140316959 -12.750806968615418 -29.70787533430112 -5.378722164591852
2 n_hat= 0 velocity= [-27.24325751 -42.03324273  -2.68378962]
Ar 8.463269562770359 4.224503957240318 3.7815944627814684 6.28331451754857
3 n_hat= 0 velocity= [-0.03954766 -0.02103936 -0.05455492]
Ar 17.586322893589788 13.632851281202251 -8.742161592082514 6.855561943425192
4 n_hat= 0 velocity= [-0.03444051 -0.01073303 -0.04602058]
5 

Ar 15.31659522524163 2.2697163891879466 11.94588965964123 9.313549111172556
0 n_hat= [-0.24995721  0.58022202  0.3964028 ] velocity= [ 77.60204347 134.40263639 126.654931  ]
Ar 19.007817852975997 -8.137368307533574 -4.479573615341542 -16.58353993525499
1 n_hat= [-0.49285188 -0.89022117 -0.82386431] velocity= [ -5.9378577   41.51080953 127.04233648]
Ar 37.77707456751413 -15.465379827104472 -34.027302702958394 -5.483799818023386
2 n_hat= [ 0.0194555  -0.23191793  0.32518772] velocity= [-27.14572858 -43.19427369  -1.05077653]
Ar 5.704939627417909 3.144085675848589 -3.3228239723996627 3.408797773974432
3 n_hat= [-0.70040688 -0.43698862 -0.12232249] velocity= [-10.80418281 -71.04418435 -28.74516744]
Ar 19.96533007552703 13.541210787654252 -13.172562329854635 6.460156120029527
4 n_hat= 0 velocity= [ -0.91640494 -44.30400738  -3.95405823]
5 

Ar 35.34436544165962 9.903805679553995 25.675624677876897 22.17884349861407
0 n_hat= [-0.24995721  0.58022202  0.3964028 ] velocity= [ 76.3408929  137.29735018 128.65294387]
Ar 9.980072955588215 -8.977642315697446 -0.7728929270754756 -4.290271689944422
1 n_hat= [-0.49285188 -0.89022117 -0.82386431] velocity= [ -8.40274008  37.06680688 122.93268245]
Ar 42.88628386696718 -18.17141441417008 -38.465397224080675 -5.426440684303886
2 n_hat= [ 0.0194555  -0.23191793  0.32518772] velocity= [-27.06034587 -44.38094521   0.57359134]
Ar 10.79393859709531 1.711322863076433 -10.646945087185307 0.4722761974061771
3 n_hat= [-0.70040688 -0.43698862 -0.12232249] velocity= [-14.32762813 -73.24121115 -29.36521577]
Ar 22.981262542768853 13.119335871222624 -17.736264258260398 6.437886650048818
4 n_hat= [-0.65260199 -0.26223813  0.74660277] velocity= [ -4.21874916 -45.63701928  -0.2226947 ]
5 

Ar 44.99999999999999 12.609400395533116 32.68988128847865 28.23782362382594
0 n_hat= [-0.24995721  0.58022202  0.3964028 ] velocity= [ -39.7049099  -157.42165663 -126.48222193]
Ar 12.848593712144197 -10.063085271492453 2.4885157938806812 7.591308473644677
1 n_hat= [-0.49285188 -0.89022117 -0.82386431] velocity= [-10.85442956  32.61408721 118.81580164]
Ar 45.0 -19.067020382884955 -40.36122319324746 -5.693891117988895
2 n_hat= [ 0.0194555  -0.23191793  0.32518772] velocity= [17.09363846 47.73408023 15.3875549 ]
Ar 18.36531759490391 -0.07252484798411629 -18.190617745841926 -2.5260753220703465
3 n_hat= [-0.70040688 -0.43698862 -0.12232249] velocity= [-17.83847711 -75.43672659 -29.98351519]
Ar 26.500793286116078 12.370548245258973 -22.43188075611043 6.787658406904226
4 n_hat= [-0.65260199 -0.26223813  0.74660277] velocity= [ -7.48787626 -46.95616498   3.49771757]
5 

Ar 24.875990280891013 8.514667376854433 17.236862215036837 15.78625708951778
0 n_hat= [-0.24995721  0.58022202  0.3964028 ] velocity= [ -40.94733019 -154.53019073 -124.51566534]
Ar 22.83093569606437 -11.39450098260334 5.302515408220666 19.060438149760884
1 n_hat= [-0.49285188 -0.89022117 -0.82386431] velocity= [-13.31415711  28.13999614 114.69129676]
Ar 39.895816086767645 -17.349030014071932 -35.70334810655881 -3.9947756860558057
2 n_hat= [ 0.0194555  -0.23191793  0.32518772] velocity= [17.17990369 46.57875087 16.99115432]
Ar 26.638309127994777 -2.20542592485203 -25.952804081289653 -5.584583243787812
3 n_hat= [-0.70040688 -0.43698862 -0.12232249] velocity= [-21.32901077 -77.62186335 -30.58507922]
Ar 30.449302920455686 11.293173222253603 -27.261965346429353 7.510627960692129
4 n_hat= [-0.65260199 -0.26223813  0.74660277] velocity= [-10.77375023 -48.3008459    7.22969554]
5 

Ar 5.934414193976789 4.293597564839536 2.072715256147738 3.533573721292596
0 n_hat= [-0.24995721  0.58022202  0.3964028 ] velocity= [ -42.21069812 -151.64146959 -122.52683368]
Ar 33.676769040158156 -12.9735690425467 7.67078537901304 30.115948116430744
1 n_hat= [-0.49285188 -0.89022117 -0.82386431] velocity= [-15.7906806   23.68269971 110.55509967]
Ar 34.92451909378199 -15.619844002713615 -31.163965333552415 -2.1330194448193325
2 n_hat= [ 0.0194555  -0.23191793  0.32518772] velocity= [17.29186011 45.39382773 18.61756241]
Ar 35.34534918528801 -4.689160574083442 -33.934062343101665 -8.705452029325674
3 n_hat= [-0.70040688 -0.43698862 -0.12232249] velocity= [-24.83734649 -79.81258262 -31.20868786]
Ar 34.78619758193554 9.88752927000068 -32.221696412987555 8.606891855577295
4 n_hat= [-0.65260199 -0.26223813  0.74660277] velocity= [-14.05643952 -49.59731067  10.96263895]
5 

Ar 15.377926661317028 -0.05098705767435163 -12.800397290058347 -8.522197952257487
0 n_hat= [-0.24995721  0.58022202  0.3964028 ] velocity= [ -43.44584623 -148.73112546 -120.55771674]
Ar 44.40972016813012 -14.800454542191915 9.591186645724258 40.757562850138804
1 n_hat= [-0.49285188 -0.89022117 -0.82386431] velocity= [-18.268855    19.20401267 106.41614734]
Ar 30.129368655321144 -13.87985064101999 -26.74165589110178 -0.11154350329203133
2 n_hat= [ 0.0194555  -0.23191793  0.32518772] velocity= [17.39993362 44.22309442 20.21475942]
Ar 44.4212067582174 -7.5210934754039975 -42.13435376846868 -11.890037649396415
3 n_hat= [-0.70040688 -0.43698862 -0.12232249] velocity= [-28.31932901 -82.00291425 -31.8458562 ]
Ar 39.501429113572705 8.155730803261736 -37.313465477960314 10.077313684926203
4 n_hat= [-0.65260199 -0.26223813  0.74660277] velocity= [-17.31798467 -50.91769065  14.70421829]
5 

Ar 34.76579749077524 -4.398647956871708 -27.67395534096113 -20.578259574307815
0 n_hat= [-0. -0.  0.] velocity= [ -43.47660899 -148.73558051 -120.56061622]
Ar 45.0 -14.997177461987125 9.71866963861944 41.29929937213272
1 n_hat= [ 0. -0. -0.] velocity= [ 53.65315303 -27.40106889 -91.61054032]
Ar 25.626739552435 -11.874025418056537 -22.583672054222433 2.390618540674467
2 n_hat= [ 0.53409227 -0.52377048  0.96421875] velocity= [20.05825223 41.57983837 25.02162044]
Ar 45.0 -7.619090769761016 -42.683350092247196 -12.044960802958386
3 n_hat= [ 0. -0.  0.] velocity= [ 2.51544439 90.81529566 16.90938333]
Ar 44.515055978334495 6.42142696534393 -42.57517851608313 11.30086982522413
4 n_hat= [-0.00163457 -0.34122921 -0.49107532] velocity= [-17.34303838 -52.61713038  12.2355614 ]
5 

Ar 44.99999999999999 -5.693502590059901 -35.820492559495754 -26.635997091381615
0 n_hat= 0 velocity= [  5.91517915 162.1406085  110.60032433]
Ar 34.26877654893018 -9.633597427522657 6.977325667762127 32.138135809205295
1 n_hat= 0 velocity= [ 53.63580034 -27.41343971 -91.61163563]
Ar 21.6882838356751 -9.601553119527546 -18.689244977275315 5.376239913646533
2 n_hat= [ 0.53409227 -0.52377048  0.96421875] velocity= [22.72472299 38.94427077 29.85621373]
Ar 35.92602148420562 -7.367775719048887 -33.60295708247955 -10.355490135693007
3 n_hat= 0 velocity= [ 2.51315051 90.8039301  16.89470667]
Ar 45.0 6.491381558210686 -43.03898964332881 11.423980739967892
4 n_hat= [-0.00163457 -0.34122921 -0.49107532] velocity= [-32.33989335  45.01558506 -16.61170852]
5 

Ar 25.558269347758127 -5.1037393561925475 -19.607559844175665 -15.579492083944007
0 n_hat= 0 velocity= [  5.89763234 162.12932715 110.56505007]
Ar 23.748305248278047 -4.270900209096712 4.235268299889102 22.973983459497894
1 n_hat= 0 velocity= [ 53.62697218 -27.42057368 -91.6415235 ]
Ar 18.83502081199456 -7.062654359932187 -15.055944673171835 8.84281925512377
2 n_hat= [ 0.53409227 -0.52377048  0.96421875] velocity= [25.3889876  36.33300304 34.66579341]
Ar 26.966259545626173 -7.116460750466901 -24.524301442369534 -8.665666681388696
3 n_hat= 0 velocity= [ 2.51314969 90.7865564  16.89823454]
Ar 39.994594805459556 3.2589336262529454 -38.70941370897063 9.514633759652927
4 n_hat= [-0.00163457 -0.34122921 -0.49107532] velocity= [-32.32447932  43.29575934 -19.0934698 ]
5 

Ar 12.007653918096945 -5.225888041682459 -3.5669832578702767 -10.205414113629214
0 n_hat= 0 velocity= [ -1.22148685 160.40576586  53.7407797 ]
Ar 13.930923697872668 1.090404584277544 1.4939046909570557 13.807603039371942
1 n_hat= 0 velocity= [ 53.61304793 -27.41363609 -91.6638042 ]
Ar 17.840227803285654 -4.255962650778543 -11.686107753840897 12.79044156993511
2 n_hat= [ 0.53409227 -0.52377048  0.96421875] velocity= [28.06691709 33.69836919 39.47622315]
Ar 18.284132158330372 -6.864864017769075 -15.444362164625188 -6.975299859412812
3 n_hat= 0 velocity= [ 2.51596733 90.79939278 16.90366822]
Ar 35.32438774195751 0.023537201874598512 -34.54964948656076 7.3575495717037125
4 n_hat= [-0.00163457 -0.34122921 -0.49107532] velocity= [-32.35396424  41.59764222 -21.57084188]
5 

Ar 15.772134461463553 -6.164442602593729 12.2706951432207 -7.758215875570464
0 n_hat= 0 velocity= [ -9.38554561 158.37678401  24.47198238]
Ar 8.042851584622811 6.45012742527915 -1.2464885382280286 4.639998290301149
1 n_hat= 0 velocity= [ 53.59722841 -27.40393229 -91.67604749]
Ar 19.274183325635203 -1.1860383791498492 -8.579380686408081 17.218643467795765
2 n_hat= [ 0.53409227 -0.52377048  0.96421875] velocity= [30.69924272 31.06727067 44.28201898]
Ar 10.592771665325223 -6.613449568381975 -6.365610156112631 -5.2865966084600124
3 n_hat= 0 velocity= [ 2.51414449 90.78752009 16.88703251]
Ar 31.127125369262387 -3.215988419195187 -30.561735165747134 4.9533519862932724
4 n_hat= [-0.00163457 -0.34122921 -0.49107532] velocity= [-32.39525621  39.87914321 -24.04197585]
5 

Ar 29.474204124576406 -7.105033616019647 28.107309063720958 -5.312850768551405
0 n_hat= 0 velocity= [ -9.40591013 158.36613921  24.45365107]
Ar 13.261407220517802 11.80906554918558 -3.987190516275749 -4.5291504844022015
1 n_hat= 0 velocity= [ 53.58938124 -27.40701978 -91.69148775]
Ar 22.960805785728166 2.1515050683281403 -5.733906285975076 22.128984318638345
2 n_hat= [ 0.53409227 -0.52377048  0.96421875] velocity= [33.37543447 28.454744   49.10340851]
Ar 7.7984896849411935 -6.364740910731836 2.7140214792011754 -3.597304812748754
3 n_hat= 0 velocity= [ 2.48708658 90.79631635 16.89291796]
Ar 27.610120798931785 -6.457902438873024 -26.74536984120973 2.3020553161278503
4 n_hat= [-0.00163457 -0.34122921 -0.49107532] velocity= [-32.4191402   38.16365325 -26.5129667 ]
5 

Ar 44.89737023029171 -8.358985642304841 43.99806871099411 -3.173509465917371
0 n_hat= [-0.62263835  0.10983436 -0.60969506] velocity= [-12.53952026 158.90759647  21.39341303]
Ar 23.079017909334414 17.32907459232755 -6.949097060234114 -13.566661029168968
1 n_hat= [ 0.31669484 -0.44258064  0.26492808] velocity= [ 55.20009043 -29.61906544 -90.37510545]
Ar 27.367318217759557 5.943579342072361 -3.436477190716479 26.49216102084332
2 n_hat= [ 0.90973076 -1.09673469 -1.0940494 ] velocity= [37.92074274 22.97429095 43.63176702]
Ar 13.190194807525694 -7.0190940147788385 11.072913668289978 -1.4505658091829723
3 n_hat= [-1.80632319 -1.43907143  0.91102012] velocity= [-6.54353104 83.58892189 21.46739004]
Ar 24.46681635206514 -9.692591020043658 -22.456513007819318 -0.6195201800530379
4 n_hat= [ 0.01327738  0.94932077 -0.54437857] velocity= [-32.34688581  42.88856833 -29.21575496]
5 

Ar 45.0 -8.378093237405942 44.09864278997151 -3.1807637114106724
0 n_hat= [-0.62263835  0.10983436 -0.60969506] velocity= [  43.13563006 -149.98890856   40.65554563]
Ar 33.721005623737234 23.008644163630773 -10.13156133260161 -22.473539529661753
1 n_hat= [ 0.31669484 -0.44258064  0.26492808] velocity= [ 56.79569571 -31.82464272 -89.068785  ]
Ar 32.019582815679016 10.191109002442168 -1.6908091702426726 30.30736124013921
2 n_hat= [ 0.90973076 -1.09673469 -1.0940494 ] velocity= [42.4752966  17.4566802  38.15200219]
Ar 20.61641329177738 -8.578905204402114 18.711349682911724 1.1507717215228532
3 n_hat= [-1.80632319 -1.43907143  0.91102012] velocity= [-15.5981119   76.38436015  26.01337531]
Ar 22.240343245007967 -12.921113662656273 -17.695227017966406 -3.815315210453868
4 n_hat= [ 0.01327738  0.94932077 -0.54437857] velocity= [-32.28522643  47.6128599  -31.9579503 ]
5 

Ar 29.48381083669201 -4.374508425602867 29.151770443537956 0.5771113371210266
0 n_hat= [-0.62263835  0.10983436 -0.60969506] velocity= [  40.03584812 -149.46872346   37.57875049]
Ar 44.629471848515614 28.84697729022441 -13.535796374733224 -31.247781924425993
1 n_hat= [ 0.31669484 -0.44258064  0.26492808] velocity= [ 58.38333127 -34.04235042 -87.74242395]
Ar 36.73243433991111 14.89265691353406 -0.4936320918800916 33.5743477963387
2 n_hat= [ 0.90973076 -1.09673469 -1.0940494 ] velocity= [47.01547911 11.97177078 32.66986556]
Ar 22.00096321145044 -14.590711391529597 16.179061134060987 3.0645561083134467
3 n_hat= [-1.80632319 -1.43907143  0.91102012] velocity= [-60.11806187 -25.32288549  19.13784387]
Ar 21.655508537960106 -16.143988959763128 -12.460939280878437 -7.284069106136357
4 n_hat= [ 0.01327738  0.94932077 -0.54437857] velocity= [-32.22875297  52.34287737 -34.68753896]
5 

Ar 14.836055895735557 -0.682815125284495 14.261659952601043 4.030803076614896
0 n_hat= [-0.62263835  0.10983436 -0.60969506] velocity= [  36.916933   -148.90110491   34.53691739]
Ar 44.99999999999999 29.08647412333816 -13.648174886103973 -31.507211005588864
1 n_hat= [ 0.31669484 -0.44258064  0.26492808] velocity= [-82.57452533  30.61046593  67.9860045 ]
Ar 41.46079606751363 20.04676495576278 0.15440340861416568 36.29188593815101
2 n_hat= [ 0.90973076 -1.09673469 -1.0940494 ] velocity= [51.54108042  6.480355   27.17538142]
Ar 25.67405530785648 -21.50708111638206 12.926040725907743 5.433235588156492
3 n_hat= [-1.80632319 -1.43907143  0.91102012] velocity= [-69.16369725 -32.53020408  23.6867948 ]
Ar 23.279064430341332 -19.360016828288927 -6.7518216876032655 -11.023497315242693
4 n_hat= [ 0.01327738  0.94932077 -0.54437857] velocity= [-32.16027869  57.09117593 -37.39428209]
5 

Ar 7.689650427394864 2.6991715269305048 -0.5751849398458457 7.177350419807869
0 n_hat= [-0.62263835  0.10983436 -0.60969506] velocity= [  33.81986652 -148.36844892   31.46547343]
Ar 34.079127177476614 20.988630913832722 -10.808445506119217 -24.577261590396553
1 n_hat= [ 0.31669484 -0.44258064  0.26492808] velocity= [-80.9784321   28.3972938   69.29949415]
Ar 45.0 21.75801018244712 0.16758369463826195 39.3898579409195
2 n_hat= [ 0.90973076 -1.09673469 -1.0940494 ] velocity= [ 11.50434252   0.66220682 -59.01173994]
Ar 31.754054031266932 -29.32596725040376 8.950762434815612 8.25781109522127
3 n_hat= [-1.80632319 -1.43907143  0.91102012] velocity= [-78.18886134 -39.75278291  28.24575507]
Ar 27.124517259721046 -22.568609019104503 -0.5684906185398022 -15.035762100150823
4 n_hat= [ 0.01327738  0.94932077 -0.54437857] velocity= [-32.08592191  61.83331069 -40.12264785]
5 

Ar 19.22254925765549 5.768797713643316 -15.358488632270307 10.01719520796511
0 n_hat= [-0.62263835  0.10983436 -0.60969506] velocity= [  30.69626187 -147.83303692   28.39844788]
Ar 23.32817455506048 13.048263920013751 -8.190774196481296 -17.517355816654945
1 n_hat= [ 0.31669484 -0.44258064  0.26492808] velocity= [-79.40366994  26.1767131   70.59905774]
Ar 40.38451323124745 23.362763178987507 -0.31491289459664923 32.93920210685381
2 n_hat= [ 0.90973076 -1.09673469 -1.0940494 ] velocity= [ 16.04752997  -4.82496589 -64.50655834]
Ar 39.9882897637199 -38.04973301815104 4.255183749514068 11.540127674013114
3 n_hat= [-1.80632319 -1.43907143  0.91102012] velocity= [-87.23765768 -46.95578685  32.82316579]
Ar 32.777401723566314 -25.768921880097125 6.087748237149775 -19.319939189515573
4 n_hat= [ 0.01327738  0.94932077 -0.54437857] velocity= [-32.00312861  66.56238856 -42.84177089]
5 

Ar 33.63715541403242 9.018778699919721 -29.671247164602825 13.02831327558153
0 n_hat= [0.36382837 0.94058871 0.34600505] velocity= [  32.49980986 -143.12758532   30.11118068]
Ar 12.900834893224221 5.103453075473211 -5.572772014766922 -10.456123551302618
1 n_hat= [-0.  0. -0.] velocity= [-79.44810845  26.18002182  70.61232265]
Ar 36.327318923672586 24.871634934983728 -1.2445507565906528 26.448572159142863
2 n_hat= [-0.18741533 -0.89301597 -0.07731347] velocity= [ 15.08871756  -9.29637862 -64.90629948]
Ar 45.0 -42.81848500983545 4.788483575055509 12.986445491893472
3 n_hat= [-0.  0.  0.] velocity= [ 79.23990854 -65.59423431 -17.67229075]
Ar 39.483769484859366 -28.971282726688464 12.742941119472038 -23.606149231280035
4 n_hat= [-0. -0. -0.] velocity= [-32.02360847  66.55192882 -42.86210042]
5 

Ar 45.00000000000001 12.065379384818044 -39.694382773226984 17.429360187710543
0 n_hat= [0.36382837 0.94058871 0.34600505] velocity= [-42.70432929 114.98040569 -79.43977762]
Ar 5.323854686081857 -2.840422201004257 -2.9578421318236554 -3.395084735579772
1 n_hat= 0 velocity= [-79.43875276  26.14929883  70.61038816]
Ar 33.085117385278465 26.284715705101068 -2.6238843016623665 19.921193334515834
2 n_hat= [-0.18741533 -0.89301597 -0.07731347] velocity= [ 14.1308077  -13.79333545 -65.27378825]
Ar 36.69917958920683 -34.89671558937941 -1.7720464049616078 11.220912402005538
3 n_hat= 0 velocity= [ 79.2176942 -65.6052998 -17.6553309]
Ar 45.0 -33.01882620910617 14.523242280505482 -26.90413628858175
4 n_hat= 0 velocity= [71.58873107 20.96452609 41.55852145]
5 

Ar 30.42662168799359 7.978635738810936 -27.72795154509268 9.658228730188736
0 n_hat= [0.36382837 0.94058871 0.34600505] velocity= [-40.86743646 119.66431228 -77.71131458]
Ar 11.39874849104496 -10.787031654178605 -0.34449963886026147 3.667797057182103
1 n_hat= 0 velocity= [-79.46609453  26.13342493  70.62881793]
Ar 30.988033540528196 27.60627382184492 -4.448986483635023 13.355088455366111
2 n_hat= [-0.18741533 -0.89301597 -0.07731347] velocity= [ 13.21558117 -18.25102182 -65.66104879]
Ar 29.776034262760614 -26.977688599619746 -8.334215160016356 9.452903887462009
3 n_hat= 0 velocity= [ 79.1902699  -65.62168755 -17.68008515]
Ar 38.2420262118339 -25.85921606109597 16.619375156289525 -22.74972269955513
4 n_hat= 0 velocity= [71.59610148 20.96132876 41.54413589]
5 

Ar 15.956686710835081 4.073122629701531 -15.289981568111678 2.059608331202643
0 n_hat= [0.36382837 0.94058871 0.34600505] velocity= [-39.05513109 124.37969977 -75.98620399]
Ar 21.70510164604455 -18.730924889766598 2.268100928319232 10.729380616699434
1 n_hat= 0 velocity= [-79.43893236  26.12600567  70.6158356 ]
Ar 30.36730013318115 28.83435802653137 -6.721348858195055 6.751013561158782
2 n_hat= [-0.18741533 -0.89301597 -0.07731347] velocity= [ 12.28084205 -22.72362375 -66.04074894]
Ar 25.382683542570152 -19.057303984796313 -14.900680446276 7.685669189556384
3 n_hat= 0 velocity= [ 79.20384615 -65.66465286 -17.67234698]
Ar 32.33850121167334 -18.70075415589357 18.714371273607767 -18.59657932125669
4 n_hat= 0 velocity= [71.58461905 20.94996117 41.53143378]
5 

Ar 5.880659336336559 0.35041347226697894 -2.38097715016697 -5.365660484868467
0 n_hat= [0.36382837 0.94058871 0.34600505] velocity= [-37.22709157 129.09004418 -74.25268816]
Ar 32.43206526283586 -26.674137974810332 4.879177625146218 17.791088955314073
1 n_hat= 0 velocity= [-79.43213085  26.11076697  70.61708339]
Ar 31.418957255969264 29.96668150404441 -9.441259262393856 0.10722978993138277
2 n_hat= [-0.18741533 -0.89301597 -0.07731347] velocity= [ 11.32323478 -27.19910404 -66.43783771]
Ar 24.8971337975442 -11.138314305873221 -21.466358840182586 5.916135892701643
3 n_hat= 0 velocity= [ 79.18989679 -65.65678394 -17.69533297]
Ar 27.835747198585242 -11.544280792650227 20.806716376972375 -14.444339953498147
4 n_hat= 0 velocity= [71.56473363 20.92345103 41.52239368]
5 

Ar 17.039720741355776 -3.190705063140657 10.997134305484815 -12.618816157253733
0 n_hat= [0.36382837 0.94058871 0.34600505] velocity= [-35.41118535 133.78111456 -72.53155672]
Ar 43.268770110692564 -34.618067010060926 7.487597736986803 24.85380822948394
1 n_hat= 0 velocity= [-79.43929035  26.08420112  70.62719274]
Ar 34.1105224952707 31.00467801236629 -12.608952336227643 -6.576625824280875
2 n_hat= [-0.18741533 -0.89301597 -0.07731347] velocity= [ 10.37996508 -31.67693074 -66.83855614]
Ar 28.520580816114908 -3.21977354259836 -28.033372859350834 4.145671785312651
3 n_hat= 0 velocity= [ 79.18540763 -65.67014019 -17.70464107]
Ar 25.48527447327221 -4.3913752720318096 22.896265991795136 -10.294466563701747
4 n_hat= 0 velocity= [71.52905521 20.89549615 41.4987339 ]
5 

Ar 26.911620735632688 -7.671908813886784 12.996186131516085 -22.281747952190162
0 n_hat= 0 velocity= [-44.81203751  19.99051826 -96.62931795]
Ar 45.0 -36.003172992147874 7.787184551407925 25.84823574752806
1 n_hat= [ 0.53874242 -1.79043042 -0.60845933] velocity= [ 88.34623416 -18.56613217 -50.96189798]
Ar 37.7749182405795 31.4128591844725 -15.766067721573346 -13.842248174979776
2 n_hat= [-1.25669988  0.02351431 -1.16244849] velocity= [  4.08181172 -31.57115385 -72.65622351]
Ar 34.98246922290923 4.768262246997355 -34.593142132733846 2.085987885900955
3 n_hat= [ 0.13875176  0.01478028 -0.57547234] velocity= [ 79.8803579  -65.59769273 -20.59683899]
Ar 26.199531244980832 3.17266377359881 25.363082968974073 -5.750101246531049
4 n_hat= [0.82331978 0.75741122 0.79294528] velocity= [75.64039046 24.66816977 45.44365317]
5 

Ar 37.25875704797509 -12.176409793753631 14.948150294955855 -31.882641422159878
0 n_hat= [-0.04712576 -0.09163231  0.12322298] velocity= [-45.0450098   19.51964163 -96.0089347 ]
Ar 34.16062060205863 -26.897845955092773 5.035980145759694 20.44731735131545
1 n_hat= [ 0.53874242 -1.79043042 -0.60845933] velocity= [ 91.05327037 -27.51204406 -54.00918396]
Ar 42.43812212346929 31.190791254648136 -18.91235759204818 -21.689893512554573
2 n_hat= [-1.25669988  0.02351431 -1.16244849] velocity= [ -2.2206793  -31.4628987  -78.47645338]
Ar 43.098594247281675 12.824886902963634 -41.14538320037562 -0.2618077773109917
3 n_hat= [ 0.13875176  0.01478028 -0.57547234] velocity= [ 80.56624656 -65.52241068 -23.47795663]
Ar 30.34185372567206 11.143893005708923 28.209712670256604 -0.8086082172197138
4 n_hat= [0.82331978 0.75741122 0.79294528] velocity= [79.71229232 28.46629701 49.41493029]
5 

Ar 44.99999999999999 -14.70629951539654 18.053923871021112 -38.50689012920702
0 n_hat= [-0.04712576 -0.09163231  0.12322298] velocity= [ 22.74987867 -64.46552453  82.7247946 ]
Ar 22.941194799419936 -17.52374611217756 1.3904681408440394 14.740533890269099
1 n_hat= [ 0.53874242 -1.79043042 -0.60845933] velocity= [ 93.74099843 -36.45512005 -57.06783461]
Ar 45.0 33.07369733221418 -20.05404690542407 -22.999255368210076
2 n_hat= [-1.25669988  0.02351431 -1.16244849] velocity= [-83.18716328  13.90581996 -32.35053488]
Ar 44.99999999999999 13.390689898656355 -42.96061800516112 -0.2733581033153466
3 n_hat= [ 0.13875176  0.01478028 -0.57547234] velocity= [ 29.57852345 100.35160371 -25.30100837]
Ar 37.28292070637038 19.52624060430685 31.436225732652648 4.528334787306187
4 n_hat= [0.82331978 0.75741122 0.79294528] velocity= [83.82347599 32.26513062 53.36943005]
5 

Ar 34.63027425951083 -12.457837088841647 11.558501789127877 -30.17381690717214
0 n_hat= [-0.04712576 -0.09163231  0.12322298] velocity= [ 22.48462427 -64.95422082  83.33073222]
Ar 12.17523290482786 -7.882127088624014 -3.151103621872155 8.728053323038694
1 n_hat= [ 0.53874242 -1.79043042 -0.60845933] velocity= [ 96.41619024 -45.41571763 -60.12480567]
Ar 40.60915065203237 24.128323288092183 -18.649292204954932 -26.816618583240064
2 n_hat= [-1.25669988  0.02351431 -1.16244849] velocity= [-89.45374044  14.047547   -38.17363215]
Ar 36.91412714329078 16.41473018070377 -32.91880795101665 -3.092167351521021
3 n_hat= [ 0.13875176  0.01478028 -0.57547234] velocity= [ 30.24040282 100.41810054 -28.18809248]
Ar 45.0 23.567918246374713 37.94311527014183 5.465641145275408
4 n_hat= [0.82331978 0.75741122 0.79294528] velocity= [   0.57537064 -104.59369035   37.09255697]
5 

Ar 24.580732649255207 -10.233247806224101 5.0171246172211035 -21.778923698976598
0 n_hat= [-0.04712576 -0.09163231  0.12322298] velocity= [ 22.24589283 -65.41377172  83.94893208]
Ar 9.149046950140823 2.026873157739576 -8.589867204892412 2.410607122828133
1 n_hat= [ 0.53874242 -1.79043042 -0.60845933] velocity= [ 99.09000246 -54.38763583 -63.174462  ]
Ar 38.51139575331979 14.553249341126461 -17.231017804191904 -31.21574221311166
2 n_hat= [-1.25669988  0.02351431 -1.16244849] velocity= [-95.75073947  14.18274401 -43.9912363 ]
Ar 30.693510227834388 19.50742827486633 -22.871882154883213 -6.199098232828266
3 n_hat= [ 0.13875176  0.01478028 -0.57547234] velocity= [ 30.92698094 100.46925796 -31.06930881]
Ar 38.02260341571604 24.035841062195615 27.863817000074178 9.571019649340894
4 n_hat= [0.82331978 0.75741122 0.79294528] velocity= [   4.67922816 -100.7929827    41.05378504]
5 

Ar 15.63775038392176 -8.035529258124617 -1.5681978025912864 -13.323297724798326
0 n_hat= [-0.04712576 -0.09163231  0.12322298] velocity= [ 21.97718548 -65.8532242   84.55625974]
Ar 19.73204648029433 12.202459666200001 -14.923283089808145 -4.212986852187448
1 n_hat= [ 0.53874242 -1.79043042 -0.60845933] velocity= [101.75586508 -63.33415885 -66.23593975]
Ar 39.73557300412442 4.34828632605605 -15.802000061509933 -36.19813478687507
2 n_hat= [-1.25669988  0.02351431 -1.16244849] velocity= [-102.04963015   14.29017743  -49.82392574]
Ar 32.138374808651065 22.660057315347586 -19.48111423861567 -11.827219699849387
3 n_hat= [ 0.13875176  0.01478028 -0.57547234] velocity= [ 31.5262904   33.90767916 -56.28121467]
Ar 33.89025990152418 24.913648954830084 18.162320716104816 14.07088903210104
4 n_hat= [0.82331978 0.75741122 0.79294528] velocity= [  8.77807893 -97.01496284  44.99869383]
5 

Ar 11.160719340344484 -6.201612172902261 -7.910112995024824 -4.850956097182211
0 n_hat= [-0.72384798  0.48445044  0.03727781] velocity= [ 18.33917085 -63.41915192  84.72341628]
Ar 32.71105874868345 22.378669822558727 -21.25557429005895 -10.835546272916027
1 n_hat= [-0.  0. -0.] velocity= [101.76210156 -63.322912   -66.22559421]
Ar 44.0110582949214 -5.857219906492448 -14.374570911853068 -41.18298117312619
2 n_hat= [0. 0. 0.] velocity= [-102.05506233   14.2742915   -49.84846386]
